1.9772 6.35817 1.83319 6.35004
1.83319 6.35004 1.67921 6.32942
1.67921 6.32942 1.5213 6.29559
1.5213 6.29559 1.36674 6.24891
1.36674 6.24891 1.2153 6.18929
1.2153 6.18929 1.06961 6.11744
1.06961 6.11744 0.930025 6.03369
0.930025 6.03369 0.533099 5.69281
0.533099 5.69281 0.451936 5.59463
0.451936 5.59463 0.371497 5.48404
0.371497 5.48404 0.295433 5.3638
0.295433 5.3638 0.227703 5.23818
0.227703 5.23818 0.168359 5.10665
0.168359 5.10665 0.118639 4.97065
0.118639 4.97065 0.0788521 4.83027
0.0788521 4.83027 0.0219391 3.44881
0.0219391 3.44881 0.0220191 3.54283
0.0220191 3.54283 0.0221051 3.63674
0.0221051 3.63674 0.0221941 3.73074
0.0221941 3.73074 0.0222831 3.82473
0.0222831 3.82473 0.0223681 3.91861
0.0223681 3.91861 0.0224461 4.01258
0.0224461 4.01258 0.022512 4.10644
0.022512 4.10644 0.021939 3.44937
0.021939 3.44937 0.0220191 2.85517
0.0220191 2.85517 0.0221051 2.76126
0.0221051 2.76126 0.0221941 2.66726
0.0221941 2.66726 0.0222831 2.57327
0.0222831 2.57327 0.0223681 2.47939
0.0223681 2.47939 0.0224461 2.38542
0.0224461 2.38542 0.022512 2.29156
0.022512 2.29156 0.0528201 1.69273
0.0528201 1.69273 0.0834128 1.54935
0.0834128 1.54935 0.124436 1.40975
0.124436 1.40975 0.175353 1.27442
0.175353 1.27442 0.235563 1.1441
0.235563 1.1441 0.304261 1.01926
0.304261 1.01926 0.380594 0.900674
0.380594 0.900674 0.46146 0.791193
0.46146 0.791193 0.813749 0.446807
0.813749 0.446807 0.947175 0.353165
0.947175 0.353165 1.08771 0.27081
1.08771 0.27081 1.23437 0.200393
1.23437 0.200393 1.38603 0.14251
1.38603 0.14251 1.54126 0.0973763
1.54126 0.0973763 1.69831 0.0653543
1.69831 0.0653543 1.85238 0.0462265
1.85238 0.0462265 2.0028 0.0398293
2.0028 0.0398293 2.14681 0.0479527
2.14681 0.0479527 2.30079 0.0685759
2.30079 0.0685759 2.4587 0.102408
2.4587 0.102408 2.61326 0.149094
2.61326 0.149094 2.7647 0.208711
2.7647 0.208711 2.91039 0.280564
2.91039 0.280564 3.04997 0.364307
3.04997 0.364307 3.4469 0.705192
3.4469 0.705192 3.52806 0.803374
3.52806 0.803374 3.6085 0.913958
3.6085 0.913958 3.68457 1.0342
3.68457 1.0342 3.7523 1.15982
3.7523 1.15982 3.81164 1.29135
3.81164 1.29135 3.86136 1.42735
3.86136 1.42735 3.90115 1.56773
3.90115 1.56773 3.95744 2.19766
3.95744 2.19766 3.95749 2.29153
3.95749 2.29153 3.95755 2.38539
3.95755 2.38539 3.95763 2.47937
3.95763 2.47937 3.95772 2.57326
3.95772 2.57326 3.95781 2.66726
3.95781 2.66726 3.9579 2.76127
3.9579 2.76127 3.95798 2.85537
3.95798 2.85537 3.95744 4.20034
3.95744 4.20034 3.95749 4.10647
3.95749 4.10647 3.95755 4.01261
3.95755 4.01261 3.95763 3.91863
3.95763 3.91863 3.95772 3.82474
3.95772 3.82474 3.95781 3.73074
3.95781 3.73074 3.9579 3.63673
3.9579 3.63673 3.95798 3.54281
3.95798 3.54281 3.92718 4.70527
3.92718 4.70527 3.89659 4.84865
3.89659 4.84865 3.85556 4.98825
3.85556 4.98825 3.80465 5.12358
3.80465 5.12358 3.74444 5.2539
3.74444 5.2539 3.67574 5.37874
3.67574 5.37874 3.59941 5.49733
3.59941 5.49733 3.51854 5.60681
3.51854 5.60681 3.16625 5.95119
3.16625 5.95119 3.03282 6.04483
3.03282 6.04483 2.89229 6.12719
2.89229 6.12719 2.74563 6.19761
2.74563 6.19761 2.59397 6.25549
2.59397 6.25549 2.43874 6.30062
2.43874 6.30062 2.28169 6.33265
2.28169 6.33265 2.12762 6.35177

2.0028 5.85883 1.89717 5.85415
1.89717 5.85415 1.78139 5.83998
1.78139 5.83998 1.6634 5.81621
1.6634 5.81621 1.54742 5.78269
1.54742 5.78269 1.43412 5.73971
1.43412 5.73971 1.32463 5.68737
1.32463 5.68737 1.21935 5.62591
1.21935 5.62591 0.917273 5.37279
0.917273 5.37279 0.85516 5.29897
0.85516 5.29897 0.792915 5.21496
0.792915 5.21496 0.734507 5.1246
0.734507 5.1246 0.682497 5.03042
0.682497 5.03042 0.637141 4.93275
0.637141 4.93275 0.599015 4.83195
0.599015 4.83195 0.56835 4.72833
0.56835 4.72833 0.521939 3.44839
0.521939 3.44839 0.522019 3.54237
0.522019 3.54237 0.522105 3.63626
0.522105 3.63626 0.522194 3.73026
0.522194 3.73026 0.522283 3.82427
0.522283 3.82427 0.522368 3.91819
0.522368 3.91819 0.522446 4.01222
0.522446 4.01222 0.522512 4.10616
0.522512 4.10616 0.521939 3.44943
0.521939 3.44943 0.522019 2.85563
0.522019 2.85563 0.522105 2.76174
0.522105 2.76174 0.522194 2.66774
0.522194 2.66774 0.522283 2.57373
0.522283 2.57373 0.522368 2.47981
0.522368 2.47981 0.522446 2.38578
0.522446 2.38578 0.522512 2.29184
0.522512 2.29184 0.542318 1.79467
0.542318 1.79467 0.563789 1.68805
0.563789 1.68805 0.593218 1.58365
0.593218 1.58365 0.630147 1.48218
0.630147 1.48218 0.674637 1.3833
0.674637 1.3833 0.725679 1.28834
0.725679 1.28834 0.783818 1.19633
0.783818 1.19633 0.845636 1.11121
0.845636 1.11121 1.10308 0.854592
1.10308 0.854592 1.2022 0.783235
1.2022 0.783235 1.30653 0.720388
1.30653 0.720388 1.41505 0.666606
1.41505 0.666606 1.52813 0.62189
1.52813 0.62189 1.64344 0.586823
1.64344 0.586823 1.76229 0.561244
1.76229 0.561244 1.87798 0.545574
1.87798 0.545574 1.9772 0.539177
1.9772 0.539177 2.08283 0.543846
2.08283 0.543846 2.19861 0.558024
2.19861 0.558024 2.3166 0.581789
2.3166 0.581789 2.43258 0.615306
2.43258 0.615306 2.54588 0.658289
2.54588 0.658289 2.65537 0.710634
2.65537 0.710634 2.76065 0.772092
2.76065 0.772092 3.06273 1.02521
3.06273 1.02521 3.12484 1.09903
3.12484 1.09903 3.18708 1.18304
3.18708 1.18304 3.24549 1.2734
3.24549 1.2734 3.2975 1.36758
3.2975 1.36758 3.34286 1.46525
3.34286 1.46525 3.38098 1.56605
3.38098 1.56605 3.41165 1.66967
3.41165 1.66967 3.45744 2.19794
3.45744 2.19794 3.45749 2.29188
3.45749 2.29188 3.45755 2.38581
3.45755 2.38581 3.45763 2.47983
3.45763 2.47983 3.45772 2.57374
3.45772 2.57374 3.45781 2.66774
3.45781 2.66774 3.4579 2.76173
3.4579 2.76173 3.45798 2.85543
3.45798 2.85543 3.45744 4.20006
3.45744 4.20006 3.45749 4.10612
3.45749 4.10612 3.45755 4.01219
3.45755 4.01219 3.45763 3.91817
3.45763 3.91817 3.45772 3.82426
3.45772 3.82426 3.45781 3.73026
3.45781 3.73026 3.4579 3.63627
3.4579 3.63627 3.45798 3.54239
3.45798 3.54239 3.43768 4.60333
3.43768 4.60333 3.41621 4.70995
3.41621 4.70995 3.38678 4.81435
3.38678 4.81435 3.34985 4.91582
3.34985 4.91582 3.30536 5.0147
3.30536 5.0147 3.25432 5.10966
3.25432 5.10966 3.19618 5.20167
3.19618 5.20167 3.13436 5.28679
3.13436 5.28679 2.87692 5.54341
2.87692 5.54341 2.7778 5.61476
2.7778 5.61476 2.67347 5.67761
2.67347 5.67761 2.56495 5.73139
2.56495 5.73139 2.45186 5.77611
2.45186 5.77611 2.33656 5.81118
2.33656 5.81118 2.21771 5.83675
2.21771 5.83675 2.10202 5.85243

2.02841 5.35948 1.96114 5.35826
1.96114 5.35826 1.88357 5.35053
1.88357 5.35053 1.80551 5.33683
1.80551 5.33683 1.7281 5.31648
1.7281 5.31648 1.65293 5.29013
1.65293 5.29013 1.57966 5.2573
1.57966 5.2573 1.50868 5.21812
1.50868 5.21812 1.30145 5.05278
1.30145 5.05278 1.25838 5.00332
1.25838 5.00332 1.21433 4.94587
1.21433 4.94587 1.17358 4.88541
1.17358 4.88541 1.13729 4.82267
1.13729 4.82267 1.10592 4.75884
1.10592 4.75884 1.07939 4.69324
1.07939 4.69324 1.05785 4.62639
1.05785 4.62639 1.02194 3.44796
1.02194 3.44796 1.02202 3.54191
1.02202 3.54191 1.0221 3.63579
1.0221 3.63579 1.02219 3.72979
1.02219 3.72979 1.02228 3.82382
1.02228 3.82382 1.02237 3.91778
1.02237 3.91778 1.02245 4.01187
1.02245 4.01187 1.02251 4.10589
1.02251 4.10589 1.02194 3.4495
1.02194 3.4495 1.02202 2.85609
1.02202 2.85609 1.0221 2.76221
1.0221 2.76221 1.02219 2.66821
1.02219 2.66821 1.02228 2.57418
1.02228 2.57418 1.02237 2.48022
1.02237 2.48022 1.02245 2.38613
1.02245 2.38613 1.02251 2.29211
1.02251 2.29211 1.03182 1.89661
1.03182 1.89661 1.04417 1.82675
1.04417 1.82675 1.062 1.75756
1.062 1.75756 1.08494 1.68993
1.08494 1.68993 1.11371 1.62249
1.11371 1.62249 1.1471 1.55743
1.1471 1.55743 1.18704 1.49198
1.18704 1.49198 1.22981 1.43122
1.22981 1.43122 1.39241 1.26238
1.39241 1.26238 1.45723 1.2133
1.45723 1.2133 1.52534 1.16997
1.52534 1.16997 1.59573 1.13282
1.59573 1.13282 1.67024 1.10127
1.67024 1.10127 1.74562 1.07627
1.74562 1.07627 1.82626 1.05714
1.82626 1.05714 1.90359 1.04491
1.90359 1.04491 1.95159 1.03852
1.95159 1.03852 2.01886 1.03974
2.01886 1.03974 2.09643 1.04747
2.09643 1.04747 2.17449 1.06117
2.17449 1.06117 2.2519 1.08152
2.2519 1.08152 2.32707 1.10787
2.32707 1.10787 2.40034 1.1407
2.40034 1.1407 2.47132 1.17988
2.47132 1.17988 2.67855 1.34522
2.67855 1.34522 2.72162 1.39468
2.72162 1.39468 2.76567 1.45213
2.76567 1.45213 2.80642 1.51259
2.80642 1.51259 2.84271 1.57533
2.84271 1.57533 2.87408 1.63916
2.87408 1.63916 2.90061 1.70476
2.90061 1.70476 2.92215 1.77161
2.92215 1.77161 2.95744 2.19821
2.95744 2.19821 2.95749 2.29223
2.95749 2.29223 2.95755 2.38622
2.95755 2.38622 2.95763 2.48028
2.95763 2.48028 2.95772 2.57421
2.95772 2.57421 2.95781 2.66821
2.95781 2.66821 2.9579 2.76219
2.9579 2.76219 2.95798 2.8555
2.95798 2.8555 2.95744 4.19979
2.95744 4.19979 2.95749 4.10577
2.95749 4.10577 2.95755 4.01178
2.95755 4.01178 2.95763 3.91772
2.95763 3.91772 2.95772 3.82379
2.95772 3.82379 2.95781 3.72979
2.95781 3.72979 2.9579 3.63581
2.9579 3.63581 2.95798 3.54196
2.95798 3.54196 2.94818 4.50139
2.94818 4.50139 2.93583 4.57124
2.93583 4.57124 2.918 4.64044
2.918 4.64044 2.89506 4.70807
2.89506 4.70807 2.86629 4.77551
2.86629 4.77551 2.8329 4.84057
2.8329 4.84057 2.79296 4.90602
2.79296 4.90602 2.75019 4.96678
2.75019 4.96678 2.58759 5.13562
2.58759 5.13562 2.52277 5.18469
2.52277 5.18469 2.45466 5.22803
2.45466 5.22803 2.38427 5.26518
2.38427 5.26518 2.30976 5.29673
2.30976 5.29673 2.23438 5.32173
2.23438 5.32173 2.15374 5.34086
2.15374 5.34086 2.07641 5.35308