-1
(0.725186, 5.5328), (0.653548, 5.4468), (0.582206, 5.3495), (0.51497, 5.2442), (0.4551, 5.1343), (0.40275, 5.0197), (0.358827, 4.9013), (0.323601, 4.7793), (0.297569, 4.6543), 
-2
(1.99, 6.1085), (1.86518, 6.1021), (1.7303, 6.0847), (1.59235, 6.0559), (1.45708, 6.0158), (1.32471, 5.9645), (1.19712, 5.9024), (1.07469, 5.8298), (0.958414, 5.7473), 
-3
(0.271939, 3.4486), (0.272019, 3.5426), (0.272105, 3.6365), (0.272194, 3.7305), (0.272283, 3.8245), (0.272368, 3.9184), (0.272446, 4.0124), (0.272512, 4.1063), (0.272563, 4.2002), 
-4
(3.68243, 4.6543), (3.6564, 4.7793), (3.62117, 4.9013), (3.57725, 5.0197), (3.5249, 5.1343), (3.46503, 5.2442), (3.39779, 5.3495), (3.32645, 5.4468), (3.25481, 5.5328), 
-5
(3.02159, 5.7473), (2.90531, 5.8298), (2.78288, 5.9024), (2.65529, 5.9645), (2.52292, 6.0158), (2.38765, 6.0559), (2.2497, 6.0847), (2.11482, 6.1021), (1.99, 6.1085), 
-6
(3.70744, 4.2002), (3.70749, 4.1063), (3.70755, 4.0124), (3.70763, 3.9184), (3.70772, 3.8245), (3.70781, 3.7305), (3.7079, 3.6365), (3.70798, 3.5426), (3.70806, 3.4486), 
-7
(0.725186, 0.8652), (0.653548, 0.9512), (0.582206, 1.0485), (0.51497, 1.1538), (0.4551, 1.2637), (0.40275, 1.3783), (0.358827, 1.4967), (0.323601, 1.6187), (0.297569, 1.7437), 
-8
(1.99, 0.2895), (1.86518, 0.2959), (1.7303, 0.3133), (1.59235, 0.3421), (1.45708, 0.3822), (1.32471, 0.4335), (1.19712, 0.495599), (1.07469, 0.5682), (0.958414, 0.650699), 
-9
(0.271939, 3.4494), (0.272019, 2.8554), (0.272105, 2.7615), (0.272194, 2.6675), (0.272283, 2.5735), (0.272368, 2.4796), (0.272446, 2.3856), (0.272512, 2.2917), (0.272563, 2.1978), 
-10
(3.68243, 1.7437), (3.6564, 1.6187), (3.62117, 1.4967), (3.57725, 1.3783), (3.5249, 1.2637), (3.46503, 1.1538), (3.39779, 1.0485), (3.32645, 0.9512), (3.25481, 0.8652), 
-11
(3.02159, 0.650699), (2.90531, 0.5682), (2.78288, 0.495599), (2.65529, 0.4335), (2.52292, 0.3822), (2.38765, 0.3421), (2.2497, 0.3133), (2.11482, 0.2959), (1.99, 0.2895), 
-12
(3.70744, 2.1978), (3.70749, 2.2917), (3.70755, 2.3856), (3.70763, 2.4796), (3.70772, 2.5735), (3.70781, 2.6675), (3.7079, 2.7615), (3.70798, 2.8554), (3.70806, 3.4494), 
